lon		lat			depth		str1	dip1	rake1		str2	dip2	rake2	mw				
62.17	27.81		45.0		231		51		-109		81		43		-68		6.7	    0	0	0
63.94	29.79		155.0		149		59		-100		349		32		-73		6	    0	0	0  
65.07	27.92		48.1		71		63		-64.0		204		37		-130	5.2	    0	0	0  
62.33	27.95		52.6		244		49		-88.0		61		41		-92		5.4	    0	0	0  
61.07	27.31		61.2		244		50		-112		97		45		-65		5.5	    0	0	0  
61.37	27.64		84.7		21		35		-167		280		83		-56		5.2	    0	0	0  
61.89	27.07		51.1		72		53		-90.0		253		37		-89		6	    0	0	0  
64.05	28.75		90.0		224		63		-107		77		31		-60		7.2	    0	0	0  
62.12	28.00		50.8		239		55		-102		80		36		-73		7.7	    0	0	0  
62.34	28.12		60.0		250		54		-96.0		81		37		-81		5.7	    0	0	0  
64.46	27.5		51.5		249		75		-82.0		39		17		-119	5.5	    0	0	0  