60.18	26.72		16.2		87		44		-28.0		198		71		-131	4.7	    0	0	0
64.47	28.02		50.2		115		68		2.00		24		88		158		5	    0	0	0
60.01	28.76		15.1		24		88		158.0		115		68		2		5.3	    0	0	0
65.44	28.79		47.5		164		84		-150		70		60		-7		5.1	    0	0	0
60.99	29.08		11.3		279		90		0.00		189		90		-180	5.6	    0	0	0
60.36	27.36		31.6		118		88		-10.0		208		80		-178	5.5	    0	0	0
60.92	26.47		35.0		234		65		-31.0		338		62		-152	6	    0	0	0
61.01	26.44		35.0		227		72		-34.0		328		58		-159	6.1	    0	0	0
65.89	27.99		10.0		88		80		-139		349		50		-13		5.6	    0	0	0
65.78	27.34		15.0		114		77		153.0		210		63		15		6.1	    0	0	0
65.62	27.33		15.6		209		85		34.0		115		56		173		5.5	    0	0	0
65.72	27.39		15.0		118		88		153.0		209		63		2		5.9	    0	0	0
65.8	26.93		15.0		287		71		-170		194		80		-19		5.5	    0	0	0
65.93	27.37		15.0		99		72		170.0		192		80		18		5.5	    0	0	0
65.97	27.47		15.0		102		60		156.0		205		69		32		6	    0	0	0
61.19	26.26		42.1		201		79		-157		107		67		-12		5.3	    0	0	0
65.13	27.76		47.0		276		74		-19.0		11		72		-163	5.8	    0	0	0
65.53	26.92		12.8		130		87		129.0		223		39		4		7.8	    0	0	0
65.53	27.1		14.5		199		85		22.0		107		68		175		5.8	    0	0	0
64.31	25.93		24.9		297		80		-170		205		80		-11		5	    0	0	0
65.56	27.25		12.5		297		87		179.0		27		89		3		5	    0	0	0
65.64	27.19		14.3		212		71		33.0		111		59		158		6.8	    0	0	0
65.94	27.56		25.6		112		86		179.0		202		89		4		5	    0	0	0
64.2	25.92		16.5		125		72		-173		33		83		-18		5.2	    0	0	0
64.2	25.92		18.5		309		70		-162		213		73		-21		5	    0	0	0
65.54	27.11		16.7		111		70		162.0		207		73		21		5.1	    0	0	0
65.95	27.66		19.3		100		46		174.0		195		86		44		5.3	    0	0	0
65.78	27.29		49.4		226		66		-152		124		65		-27		5.6	    0	0	0
65.79	27.23		30.9		216		61		-157		114		70		-31		5.1	    0	0	0
61.16	26.32		36.3		308		83		4.00		218		86		173		5.1	    0	0	0
65.53	27.13		35.2		203		74		1.00		113		89		164		4.9	    0	0	0
65.65	27.31		16.4		87		73		-159		350		70		-19		5.4	    0	0	0
65.99	27.72		24.2		97		81		-175		6		85		-9		5	    0	0	0
65.98	27.94		15.0		10		87		-28.0		101		62		-176	5.7	    0	0	0
65.84	27.45		28.7		97		59		151.0		203		66		35		5.5	    0	0	0
61.49	25.93		35.0		123		60		43.0		8		54		142		5.7	    0	0	0